dimwishlist:item=2026755633&perks=3891536761
dimwishlist:item=2099894368&perks=3891536761
dimwishlist:item=2558925366&perks=839105230,689005463,3643424744,2594592626
dimwishlist:item=2715240478&perks=839105230,689005463,3300816228,2978966579,4091460919
dimwishlist:item=3388655311&perks=4067834857,16392701,2848615171,4293542123
dimwishlist:item=1354727549&perks=52780822,2077819806,3650930298
dimwishlist:item=568611922&perks=981914802,3492396210,3300816228,1546637391
dimwishlist:item=4043921923&perks=981914802,3492396210,3300816228,1546637391
dimwishlist:item=2499720827&perks=202670084,3142289711,3824105627,3891536761,2489430594
dimwishlist:item=2763843898&perks=202670084,3142289711,3824105627,3891536761,2489430594
dimwishlist:item=2228325504&perks=3301904089,3751912585,3078487919,2489430594